[header]
width=94
height=23
tilewidth=23
tileheight=23
orientation=orthogonal
background_color=85,85,255,200

[tilesets]
tileset=spritesheet_rgba.png,23,23,0,0
tileset=spritesheet_rgba.png,23,23,0,0

[layer]
type=Tiles
data=
0,0,0,0,0,0,0,0,0,0,0,48,0,0,0,0,0,0,0,0,0,0,0,0,48,0,0,0,0,0,0,0,0,0,0,0,0,0,0,0,0,0,0,0,0,0,0,0,0,0,0,0,0,48,48,48,0,0,0,0,0,0,0,0,0,0,0,0,0,0,0,0,0,0,0,0,0,0,0,0,0,0,0,0,0,0,0,0,0,0,0,0,0,0,
0,0,0,0,0,0,0,48,0,0,0,0,0,0,0,0,0,0,0,0,0,0,0,48,48,0,0,0,0,0,0,0,0,0,0,0,0,48,0,0,0,0,0,0,0,0,0,0,0,0,0,0,0,0,0,0,0,0,0,0,0,0,0,0,0,0,0,0,0,0,0,0,0,0,0,0,0,0,0,0,0,0,0,0,0,0,0,0,0,0,0,0,0,0,
0,48,0,48,0,0,0,48,0,0,0,0,48,0,0,0,0,0,0,0,0,0,0,0,0,0,0,0,0,0,0,0,0,0,0,0,0,0,0,0,0,0,0,0,0,0,0,48,0,0,0,0,0,0,0,0,48,48,0,0,0,0,0,0,0,48,0,0,0,0,0,0,0,0,0,0,0,0,0,0,0,0,0,0,0,0,0,0,0,0,0,0,0,0,
0,0,0,0,0,0,0,0,0,0,0,0,0,0,0,48,0,0,0,0,0,48,0,0,0,0,0,0,0,0,0,0,48,0,0,0,0,0,48,0,0,0,0,0,0,0,0,0,0,0,0,0,0,0,0,0,0,0,0,0,0,0,0,0,0,0,0,0,0,0,0,0,0,0,0,0,0,0,0,0,0,0,0,48,48,0,0,0,0,0,0,0,0,0,
0,0,0,0,0,0,0,0,48,0,0,0,0,0,0,0,0,0,0,0,0,0,0,0,0,0,0,0,0,0,0,0,0,0,48,48,48,0,0,0,0,0,0,19,0,602,602,602,602,603,602,602,602,602,602,602,602,602,603,602,602,602,602,602,602,603,602,602,602,602,602,0,0,0,0,0,0,0,0,0,0,0,0,0,0,0,0,0,0,0,0,0,0,0,
0,0,0,0,0,0,0,0,0,0,0,0,0,0,0,0,48,0,0,0,48,0,0,0,0,0,0,0,0,0,0,0,0,0,48,0,0,0,0,0,0,0,390,390,0,498,498,498,498,498,498,498,498,498,498,498,498,498,498,498,498,498,498,498,498,498,498,498,498,498,498,0,0,0,0,48,0,0,0,48,0,0,0,0,48,0,0,0,48,0,0,0,0,0,
0,0,0,0,0,0,0,0,0,0,0,0,0,0,0,0,0,0,0,0,0,0,0,0,0,0,0,48,0,0,0,0,0,0,0,0,0,0,0,0,0,19,0,0,0,0,0,0,0,0,0,0,0,0,0,0,0,0,0,0,0,0,0,0,0,0,0,0,0,0,0,0,0,0,0,0,0,0,0,48,0,0,0,0,0,0,0,0,48,0,0,0,0,0,
0,0,0,0,0,0,0,0,0,0,0,0,0,0,0,0,0,0,0,0,0,0,0,0,0,0,0,0,0,0,0,0,0,0,0,0,0,0,0,0,390,390,0,0,0,0,0,0,0,0,0,0,0,0,0,0,0,0,48,0,0,0,0,0,0,0,48,0,0,0,0,0,0,0,0,48,0,0,0,48,0,0,48,0,0,0,0,0,0,0,0,0,0,0,
0,0,0,0,0,0,0,0,0,0,0,0,0,0,0,0,0,0,0,0,0,0,0,0,0,0,0,0,0,0,0,0,0,0,0,0,48,0,0,19,0,0,0,0,0,0,48,48,48,0,0,0,0,0,0,0,0,0,0,0,0,0,0,0,0,0,0,0,0,0,0,0,0,0,0,0,0,0,0,0,0,0,0,0,0,48,0,0,0,0,0,0,0,0,
0,0,0,0,0,0,0,0,0,0,0,0,0,0,0,0,0,0,0,0,0,0,0,0,0,0,0,0,0,0,0,0,0,0,0,0,0,0,390,390,0,0,0,0,0,0,0,0,0,0,0,0,0,0,0,0,0,0,0,0,0,0,0,0,0,0,0,0,0,0,0,0,0,0,0,0,0,0,0,0,0,0,0,0,0,0,0,0,0,0,0,0,0,0,
0,0,0,0,0,0,0,0,0,0,0,0,0,0,0,0,0,0,0,0,0,0,0,0,0,0,0,0,0,0,0,0,0,0,0,0,0,19,0,0,0,0,0,0,0,0,0,0,0,0,0,0,0,0,0,0,0,0,0,0,0,0,0,0,0,0,0,0,0,0,0,0,0,0,0,0,0,0,0,0,0,0,0,0,0,0,0,0,0,0,0,0,0,0,
0,0,0,0,0,0,0,0,0,0,0,0,0,0,0,0,0,0,0,0,0,0,0,0,0,0,0,0,0,0,0,0,0,0,0,0,389,389,0,0,0,0,0,0,0,0,0,0,0,0,0,0,0,0,0,0,0,0,0,0,0,0,0,0,0,0,0,0,0,0,0,0,0,0,0,0,0,0,0,0,0,0,0,0,0,0,0,0,0,0,0,0,0,0,
0,0,0,0,0,0,0,0,0,0,0,0,0,0,0,0,0,0,0,0,0,0,0,0,0,526,498,498,498,498,498,498,498,528,0,0,0,0,0,0,0,0,0,0,0,0,0,0,0,0,0,0,0,0,0,0,0,0,0,0,0,0,0,0,0,0,0,0,0,0,0,0,0,0,0,0,0,0,0,0,0,0,0,0,0,0,0,0,0,0,0,0,0,0,
0,0,0,0,0,0,0,0,0,0,0,0,0,0,0,0,0,0,0,0,0,0,0,498,0,0,0,0,0,0,0,0,0,0,0,0,0,0,0,0,0,0,0,0,0,0,0,0,0,0,0,0,0,0,0,0,0,0,0,0,0,0,0,0,0,0,0,0,0,0,0,0,0,0,0,0,0,0,0,0,0,0,0,0,0,0,0,0,0,0,0,0,0,0,
0,0,0,0,0,0,0,0,0,0,0,0,0,0,0,0,0,0,0,0,0,0,498,527,0,0,0,0,552,553,554,0,0,0,0,0,0,0,0,0,0,0,0,0,0,0,0,0,0,0,0,0,0,0,0,0,0,0,0,0,0,0,0,0,0,0,0,0,0,0,0,0,0,0,0,0,0,0,0,0,0,0,0,0,0,0,0,0,0,0,0,0,0,0,
0,0,0,0,0,0,0,0,0,0,0,0,0,0,0,0,0,0,0,0,0,498,527,527,0,0,0,0,583,583,583,0,0,0,0,0,0,0,0,0,0,0,0,0,0,0,0,0,0,0,0,0,0,0,0,0,0,0,0,0,0,0,0,0,0,0,0,0,0,0,0,0,0,0,0,0,0,0,0,628,0,0,628,0,0,628,0,0,628,0,0,0,0,617,
674,674,674,674,674,674,674,880,674,674,674,674,674,880,674,674,0,0,0,0,498,527,527,527,48,48,644,644,583,584,583,644,644,0,0,282,847,847,847,847,313,847,847,847,847,847,847,847,313,847,847,0,0,0,0,0,0,0,0,0,0,0,0,0,0,0,0,0,0,0,0,0,0,0,0,0,0,0,0,657,0,0,657,0,0,657,0,0,657,0,256,0,0,676,
152,124,124,124,124,124,124,124,124,124,124,124,124,124,124,154,0,0,0,526,498,498,498,498,498,498,498,498,498,498,498,498,498,528,0,152,124,124,124,124,124,124,124,124,124,124,124,124,124,124,124,154,0,0,0,152,124,124,124,154,0,0,526,498,498,498,498,498,498,498,498,528,0,0,124,0,0,526,498,498,498,498,498,498,498,498,498,498,498,498,498,498,498,498,
0,153,153,153,153,153,153,153,153,153,153,153,153,153,153,548,548,548,548,548,527,527,527,527,527,527,527,527,527,527,527,527,527,0,0,0,153,153,153,153,153,153,153,153,153,153,153,153,153,153,153,13,13,13,13,13,153,153,153,0,0,0,0,527,527,527,527,527,527,527,527,0,0,0,153,0,0,0,527,527,527,527,527,527,527,527,527,527,527,527,527,527,527,527,
0,153,153,153,153,153,153,153,153,153,153,153,153,153,153,580,580,580,580,580,527,527,527,527,527,527,527,527,527,527,527,527,527,0,0,0,153,153,153,153,153,153,153,153,153,153,153,153,153,153,153,43,43,43,43,43,153,153,153,0,0,0,0,527,527,527,527,527,527,527,527,0,0,0,153,0,0,0,527,527,527,527,527,527,527,527,527,527,527,527,527,527,527,527,
0,153,153,153,153,153,153,153,153,153,153,153,153,153,153,580,580,580,580,580,527,527,527,527,527,527,527,527,527,527,527,527,527,0,0,0,153,153,153,153,153,153,153,153,153,153,153,153,153,153,153,43,43,43,43,43,153,153,153,0,0,0,0,527,527,527,527,527,527,527,527,0,0,0,153,0,0,0,527,527,527,527,527,527,527,527,527,527,527,527,527,527,527,527,
0,153,153,153,153,153,153,153,153,153,153,153,153,153,153,580,580,580,580,580,527,527,527,527,527,527,527,527,527,527,527,527,527,0,0,0,153,153,153,153,153,153,153,153,153,153,153,153,153,153,153,43,43,43,43,43,153,153,153,0,0,0,0,527,527,527,527,527,527,527,527,0,0,0,153,0,0,0,527,527,527,527,527,527,527,527,527,527,527,527,527,527,527,527,
0,153,153,153,153,153,153,153,153,153,153,153,153,153,153,580,580,580,580,580,527,527,527,527,527,527,527,527,527,527,527,527,527,575,575,575,153,153,153,153,153,153,153,153,153,153,153,153,153,153,153,43,43,43,43,43,153,153,153,0,0,0,0,527,527,527,527,527,527,527,527,0,0,0,153,0,0,0,527,527,527,527,527,527,527,527,527,527,527,527,527,527,527,527

[entities]
# ghost3
type=enemy
location=66,17,1,1

[entities]
# ghost2
type=enemy
location=56,5,1,1

[entities]
# ghost1
type=enemy
location=86,16,1,1

[entities]
# player
type=player
location=0,17,1,1

