[header]
width=15
height=15
tilewidth=16
tileheight=16
orientation=orthogonal
background_color=0,0,0,255

[tilesets]
tileset=../Tilemap/tilemap.png,16,16,0,0

[layer]
type=Tile Layer 1
data=
9,10,10,436,436,436,10,10,10,436,436,436,10,10,11,
36,37,293,462,463,464,293,37,293,462,463,464,293,37,38,
36,37,293,462,463,464,293,37,293,462,463,464,293,37,38,
36,37,293,462,463,464,293,37,293,462,463,464,293,37,38,
36,37,293,462,463,464,293,37,293,462,463,464,293,37,38,
36,37,37,462,463,464,37,37,37,462,463,464,37,37,38,
36,37,37,462,463,464,37,37,37,462,463,464,37,37,38,
36,37,37,462,463,464,37,37,37,462,463,464,37,37,267,
36,37,37,462,463,464,37,37,37,462,463,464,37,37,38,
36,37,37,462,463,464,37,37,37,462,463,464,37,37,38,
36,37,293,462,463,464,293,37,293,462,463,464,293,37,38,
36,37,293,462,463,464,293,37,293,462,463,464,293,37,38,
36,37,293,462,463,464,293,37,293,462,463,464,293,37,38,
36,37,293,462,463,464,293,37,293,462,463,464,293,37,38,
63,64,64,436,436,436,64,64,64,436,436,436,64,64,65

[entities]
# car
type=car
location=3,5,1,1

[entities]
# car
type=car
location=4,5,1,1

[entities]
# car
type=car
location=4,12,1,1

[entities]
# car
type=car
location=9,4,1,1

[entities]
# car
type=car
location=9,8,1,1

[entities]
# car
type=car
location=10,13,1,1

[entities]
# player
type=player
location=1,6,1,1

