[header]
width=15
height=15
tilewidth=16
tileheight=16
orientation=orthogonal
background_color=0,0,0,255

[tilesets]
tileset=../Tilemap/tilemap.png,16,16,0,0

[layer]
type=Tile Layer 1
data=
1,2,2,347,199,199,199,347,2,2,2,2,2,284,3,
28,29,29,347,199,199,199,347,29,29,29,29,29,181,30,
28,29,29,347,199,199,199,347,29,29,29,181,181,181,30,
28,29,29,347,199,199,199,347,29,29,29,181,29,29,30,
28,29,29,347,199,199,199,347,29,29,29,181,29,29,30,
28,29,29,347,199,199,199,347,29,29,29,181,29,29,30,
28,29,29,347,199,199,199,181,181,181,181,181,29,29,30,
28,29,29,347,199,199,199,181,29,29,29,29,29,29,30,
28,29,29,347,199,199,199,181,29,29,29,29,29,29,30,
28,29,29,347,199,199,199,181,29,29,374,374,374,29,30,
28,29,29,347,199,199,199,181,29,29,374,374,374,29,30,
28,181,181,181,181,181,181,181,29,29,374,374,374,29,30,
28,181,29,347,199,199,199,347,29,29,374,374,374,29,30,
28,181,29,347,199,199,199,347,29,29,29,29,29,29,30,
55,181,56,347,199,199,199,347,56,56,56,56,56,56,57

[entities]
# player
type=player
location=1,14,1,1

[entities]
# enemy
type=enemy
location=12,1,1,1

