[header]
width=15
height=15
tilewidth=16
tileheight=16
orientation=orthogonal
background_color=0,0,0,255

[tilesets]
tileset=../Tilemap/tilemap.png,16,16,0,0

[layer]
type=Tile Layer 1
data=
82,83,83,83,83,83,83,83,83,83,83,83,83,83,84,
109,110,110,110,110,110,110,110,110,110,110,110,110,110,111,
109,110,110,110,110,110,110,110,110,110,110,110,110,110,111,
109,110,110,110,110,110,110,110,110,110,110,110,110,110,111,
109,110,110,110,110,110,110,110,110,110,110,110,110,110,111,
109,110,110,110,171,172,172,110,172,172,173,110,110,110,111,
109,110,110,110,198,199,199,110,199,199,200,110,110,110,111,
109,110,110,110,110,110,110,308,110,110,110,110,110,110,111,
109,110,110,110,198,199,199,110,199,199,200,110,110,110,111,
109,110,110,110,225,226,226,110,226,226,227,110,110,110,111,
109,110,110,110,110,110,110,110,110,110,110,110,110,110,111,
109,110,110,110,110,110,110,110,110,110,110,110,110,110,111,
109,110,110,110,110,110,110,110,110,110,110,110,110,110,111,
109,110,110,110,110,110,110,110,110,110,110,110,110,110,111,
136,137,137,137,137,137,137,137,137,137,137,137,137,137,138

[entities]
# man
type=man
location=12,8,1,1

[entities]
# man
type=man
location=7,2,1,1

[entities]
# player
type=player
location=1,12,1,1

